0,430
0,370
36,7
36,2
35,18
25,3
25,4
24,3
33,256
0,373
2,1
2,6
2,3
0,368
1,1
1,3
33,2
34,5
31,1
31,5
33,89
36,3
0,0
0,408
0,420
0,415
0,389
0,444
0,349
0,325
0,320
0,401
24,4
0,47
0,46
0,45
0,6
0,431
0,387
0,367
0,316
0,342
36,8
36,1
36,4
0,364
0,309
0,336
0,411
0,384
0,417
0,347
0,409
0,343
0,406
0,403
0,446
36,9
35,78
35,4
35,76
35,1
35,74
35,3
33,80
33,79
33,77
33,5
33,81
33,78
33,3
33,1
33,4
0,353
0,400
35,86
35,65
35,64
0,300
0,299
0,298
0,297
0,296
0,295
0,294
0,293
0,292
0,291
0,290
0,289
0,288
0,287
0,286
0,285
0,284
0,283
0,282
0,281
0,280
0,279
0,278
0,277
0,276
0,275
0,274
0,273
0,272
0,271
0,270
0,269
0,268
0,267
0,266
0,265
0,264
0,263
0,262
0,261
0,260
0,251
0,250
0,249
0,248
0,247
0,246
0,245
0,244
0,242
0,241
0,240
0,239
0,238
0,237
0,236
0,235
0,234
0,233
0,232
0,231
0,230
0,229
0,228
0,227
0,226
0,225
0,224
0,223
0,222
0,221
0,220
0,219
0,218
0,217
0,216
0,215
0,214
0,213
0,212
0,211
0,210
0,209
0,208
0,207
0,206
0,205
0,204
0,203
0,202
0,201
0,200
0,199
0,198
0,197
0,196
0,195
0,194
0,193
0,192
0,63
0,62
0,61
0,60
0,59
0,58
0,57
0,56
0,55
0,54
0,53
0,52
0,51
0,50
0,49
0,48
0,259
0,363
0,258
0,352
0,257
0,358
0,256
0,351
0,255
0,371
0,254
0,339
0,253
36,6
0,345
0,252
36,5
0,395
35,69
35,68
35,9
35,38
35,37
35,36
35,33
35,32
35,6
35,5
35,34
34,9
34,8
0,319
0,317
0,407
0,329
0,326
0,340
35,85
35,71
35,70
35,30
35,26
35,28
35,16
35,24
35,22
34,12
35,84
35,82
35,80
35,66
35,8
35,29
35,27
35,23
34,7
